0000000000000
0000000010100
0000001001101
0000000100010
0000000010010
0000000000000
0000000000000
0000000000000
0000000000000
0000000000010
0000000000000
0000000000000
0000000000000
0000000000000
0000000000000
0000000000000
0000000000000
0000000000000
0000000000000
0000000000000
0000000000000
0001011011011
0000100100001
0000000000000
0000000000000
0000000000000
0001000010100
0010010111000
0000000000000
0000000000000
0000000000000
0000011001101
0000000000000
0000000000000
0000000000000
0000000000000
0000000000000
0000000000000
0000000000000
0000000000000
0000000000000
0000000000000
0000000000000
0000000010000
0000000001010
0000000000000
0000000000000
0000000000000
0000000000000
0000000001101
0000000000000
0000000000000
0000000000000
0000000000000
0000000000000
0000000000000
0000000000000
0000000000000
0000000000000
0000010010100
0000000001011
0000000000000
0000000000000
0000000000000
0000000000000
0000000000000
0000000100111
0000000100000
0000000010110
0000000010011
0000000000000
0000000100000
0000000000000
0000000000000
0000000000000
0000000000000
0000000000000
0000000000000
0000000000000
0000000011001
0000000110000
0000000000000
0000000000000
0000000000000
0010010010111
0001101011011
0000100000000
0000100111000
0000000000000
0000111100111
0000101100101
0001000011001
0000111011001
0000000000000
0000000000000
0010011000001
0000011110011
0000000000000
0000000000000
0000000000000
0000010000100
0000000000000
0000000000000
0000000000000
0000000000001
0000000000000
0000000000000
0000000000000
0000000000000
0000000000000
0000000000000
0000000000000
0000000000000
0000000000000
0000000000000
0000000000000
0000000000000
0000000000000
0000000000000
0000000000000
0000000000000
0000000000000
0000000000000
0000000000000
0000000000100
0000001000111
0000000101111
0000000000000
0000000000000
0000000000000
0000000000000
0000001000101
0000000011101
0000000000000
0000000000000
0000000000000
0000000000000
0000000000000
0000000000000
0000000000000
0000000000000
0000000000000
0000000000000
0000000000000
0000110000011
0010110010011
0011011101011
0000000100101
0000000000000
0000010111100
0001100010100
0000110011111
0000001011101
0000000000000
0000100001010
0000101100010
0001010010011
0000010100011
0000000000000
0001010100101
0010010011101
0000000000000
0000000000000
0000000000000
0000110000001
0000000000000
0000000000000
0000000000000
0000000000000
0000000000000
0000001100011
0000000100110
0000000000000
0000000000000
0000000000001
0000000000000
0000000000000
0000000000000
0000000000000
0000000010010
0000000010100
0000000000000
0000000000000
0000000000000
0000000000000
0000000000000
0000000000000
0000000000000
0000000000000
0000000010011
0000000100000
0000000000000
0000000000000
0000000000000
0000000000000
0000000000000
0000000110011
0000000000010
0000000000000
0000000000000
0000000000000
0000000000000
0000100001001
0000000000000
0000000000000
0000000000000
0000000000000
0000000000000
0000000000000
0010000001001
0001011000110
0000011100110
0000000110110
0000000000000
0000000001100
0000000000000
0000001110011
0000000000000
0000001010001
0000001100101
0000000111010
0000011010110
0000010000010
0000001111101
0001010101011
0001001100110
0000000000000
0000000000000
0001001000011
0000000000000
0000000000000
0000000000000
0000000000000
0000000000000
0000000000000
0000000000000
0000000001100
0000000011010
0000000010110
0000000001010
0000000000000
0000000000000
0000000000000
0000000000000
0000001010110
0000000101001
0000000000000
0000000000000
0000000000000
0000000000000
0000000000000
0000000000000
0000000000000
0000000000000
0000000000011
0000000000000
0000000000000
0000000010010
0000000000000
0000000000000
0000000000000
0000000010110
0000000000000
0000000000000
0000000000000
0000000000000
0000000000000
0100001100111
0000111111010
0010100010010
0001001110100
0000000000000
0000010010100
0000000000000
0000001010110
0000000000000
0000100000101
0000000000000
0000010000000
0000000101111
0000000000000
0000001010000
0000000010111
0000000111111
0000001011100
0000000000000
0000011001110
0000000100010
0000011010110
0000110001011
0000100100100
0000000000000
0001010111010
0000011011101
0000000000000
0000000000000
0000000000000
0000000000000
0000000000000
0000000000000
0000000010110
0000000000000
0000000000000
0000000010011
0000000011000
0000000000000
0000000000000
0000000000000
0000000000000
0000000100100
0000000000000
0000000000000
0000000000000
0000000000000
0000000000000
0000000000000
0000000000000
0000000000000
0000000000000
0000001000010
0000000001111
0000000000000
0000000000101
0000001010110
0000000000000
0000000000000
0000000000000
0000000000000
0000000000000
0000000000000
0000000000000
0000000000000
0000000000000
0001101001001
0001100010110
0000101110010
0000100111010
0000010001111
0000001110111
0000000001111
0000000000101
0000000000000
0000000000000
0000000001011
0000000000000
0000000000110
0000000011100
0000000011100
0000000001011
0000000000000
0000000000000
0000000000111
0000001101000
0000001011001
0000011100001
0001000111110
0001001001011
0000000000000
0000000000000
0000000000000
0000000000000
0000000000000
0000000000000
0000000000000
0000000000000
0000000000000
0000000000000
0000000000000
0000000000000
0000000000000
0000000000000
0000000000000
0000000000000
0000000000000
0000000000000
0000000000000
0000000000000
0000000000000
0000000000000
0000000011010
0000000010001
0000000101000
0000000000000
0000000000000
0000010011100
0000000000000
0000000000000
0000000000000
0000000000000
0000000000000
0000000000000
0000000000000
0000000000000
0000000000000
0000000000000
0000000000000
0000000000000
0000010010110
0000111011010
0000000000000
0000000000000
0000000001000
0000000000000
0000000001101
0000000000111
0000000000000
0000000000011
0000000000000
0000000000000
0000000000000
0000000000110
0000000010000
0000000000000
0000000000000
0000000000000
0000000000000
0000000000000
0000000111100
0000000000000
0000010100000
0000100110001
0000110011011
0000000000000
0000000000000
0000000000000
0000000000000
0000000000000
0000000000000
0000000000000
0000000000000
0000000000000
0000000000000
0000000000000
0000000000000
0000000000000
0000000000000
0000000000000
0000001000000
0000010101010
0000001010011
0000000000000
0000000000000
0000000001101
0000000011011
0000001000000
0000000001111
0000000010111
0000000011001
0000000000000
0000000000000
0000000000000
0000000000000
0000000000000
0000000000000
0000000000000
0000000000000
0000000000000
0000000000000
0001100100110
0011011000110
0000100101001
0000000000000
0000000110111
0000000000000
0000000000111
0000000001010
0000000000000
0000000000000
0000000000000
0000000000000
0000000000000
0000000000000
0000000000000
0000000000111
0000000001101
0000000011001
0000000000110
0000000000000
0000000000000
0000000000000
0000000000000
0000000000000
0000000000000
0000000111001
0000001001100
0000011111001
0001001011101
0001010011111
0000000000000
0000000000000
0000000000000
0000000000000
0000000000000
0000000000000
0000000000000
0000000000000
0000000000000
0000000000000
0000000000000
0000000000000
0011101100100
0011101100010
0000010100110
0000000000000
0001001101110
0000000000000
0000000000000
0000000000000
0000001001010
0000000000000
0000000000000
0000000000010
0000000000000
0000000000000
0000000000000
0000000000000
0000000000000
0000000000000
0000000110000
0000000000000
0000000000000
0100001011000
0010001100101
0000010101001
0000011011111
0000001010101
0000001010010
0000000000000
0000000010001
0000000000000
0000000000000
0000000000000
0000000000000
0000000000000
0000000000000
0000000000000
0000000000000
0000000001010
0000000010011
0000000010111
0000000000011
0000000000000
0000000000000
0000000000000
0000000000000
0000000000000
0000000000000
0000000000000
0000001000000
0000000110111
0000011110100
0000101110000
0000101110110
0000000000000
0000000000000
0000000000000
0000000000000
0000000000000
0000000000000
0000000000000
0000000000000
0000000000000
0000000000000
0011101010010
0011110110100
0000000000000
0000000000000
0000000000000
0000000000000
0000000000000
0000000000000
0000000000000
0000000000000
0000001010111
0000000011100
0000000000000
0000000000000
0000000000000
0000000000000
0000000000000
0000000000000
0000000000000
0001001110001
0010110011011
0010000000011
0000111100111
0000000000000
0000000000000
0000101101111
0000000000000
0000000000000
0000000000000
0000000000000
0000000000000
0000000000001
0000000000010
0000000000000
0000000001010
0000000000000
0000000000000
0000000000000
0000000000100
0000000000000
0000000001111
0000000001111
0000000000000
0000000000000
0000000000000
0000000000000
0000000000000
0000000000000
0000000000000
0000000000010
0000000000000
0000010000011
0000000111000
0000011011111
0001000100110
0000000000000
0000000000000
0000000000000
0000000000000
0000000000000
0000000000000
0000000000000
0000000000000
0000000110101
0011010100110
0000011010101
0000000000000
0000000000000
0000000000000
0000000000000
0000000000000
0000000000000
0000000000000
0000000000000
0000000000000
0000000100110
0000000000000
0000000000000
0000000101001
0000000000000
0000000000000
0000000000000
0000000000000
0000000000000
0000000000000
0000000000000
0000000000000
0011000011111
0000011000111
0000000000000
0000000000000
0000000000000
0000000000000
0000000000000
0000000000000
0000000000000
0000000000001
0000000000100
0000000010010
0000000000000
0000000000000
0000000001100
0000000000000
0000000000000
0000000000011
0000000000000
0000000000000
0000000000000
0000000000000
0000000000000
0000000000000
0000000000000
0000000000000
0000000000000
0000000000000
0000000001010
0000001000111
0000011100100
0000111000000
0000000001110
0000000000000
0000000000000
0000000000000
0000000000000
0000000000000
0000000000000
0000000000000
0000001000011
0010111101011
0000000000000
0000000000000
0000000000000
0000000000000
0000000000000
0000000000000
0000000000000
0000000000000
0000000010011
0000000000000
0000000000000
0000000000001
0000001011001
0000000000000
0000000000000
0000000000000
0000000000000
0000000000000
0000000000000
0000000000000
0010011000011
0001011011000
0000001001011
0000000000000
0000000000000
0000000000000
0000000000000
0000000010010
0000000000000
0000000000011
0000000000000
0000000000000
0000000010100
0000000010001
0000000000000
0000000000000
0000000000000
0000000000000
0000000000000
0000000000010
0000000000000
0000000000000
0000000000000
0000000000000
0000000000000
0000000000000
0000000000000
0000000000000
0000000010111
0000000011000
0000000010010
0000000000000
0000001010010
0000011001101
0000110100000
0000000000000
0000000000000
0000000000000
0000000000000
0000000000000
0000000000000
0000000000000
0000000000001
0011010111011
0000000000000
0000000000000
0000000000000
0000000000000
0000000000000
0000000000000
0000000000000
0000000000000
0000000000000
0000000000000
0000000000000
0000000000000
0000011110001
0000000000000
0000000000000
0000000000000
0001111011001
0000000101001
0000000000000
0010111010111
0010111010000
0000000000000
0000000000000
0000000110001
0000000000000
0000000001110
0000000000000
0000000001000
0000000000100
0000000000000
0000000000011
0000000000111
0000000010111
0000000001110
0000000000000
0000000000000
0000000000000
0000000000000
0000000000000
0000000000000
0000000000000
0000000000000
0000000000000
0000000000000
0000000000000
0000000000000
0000000000000
0000000000000
0000000010011
0000000010101
0000000000000
0000000000000
0000000101011
0001000100000
0000111101000
0000000000000
0000000000000
0000000000000
0000000000000
0000000000000
0000000000000
0000000000000
0000000000000
0011100101100
0010001000011
0000000000000
0000000000000
0000000000000
0000000000000
0000000000000
0000000000000
0000000000000
0000000000000
0000000000000
0000000000000
0000000000000
0000000000000
0000000000000
0000000110010
0011111110110
0011100010101
0010110111011
0001010100011
0000101000000
0000000000000
0000010010001
0000000000000
0000000000000
0000000000000
0000000000000
0000000000000
0000000000000
0000000000000
0000000000000
0000000001001
0000000011000
0000000010000
0000000000101
0000000000000
0000000000000
0000000000000
0000000000000
0000000000000
0000000000000
0000000000011
0000000000000
0000000000000
0000000000000
0000000000000
0000000000000
0000000000000
0000000010011
0000000001111
0000000001000
0000000000000
0000000000000
0000000000000
0000000010100
0000000110101
0000011100001
0001001000000
0000110100101
0000000000000
0000000000000
0000000000000
0000000000000
0000000000000
0000000000000
0011111100000
0001011101001
0000000000000
0000000000000
0000000000000
0000000110011
0000000000000
0000000000000
0000000000000
0000000000000
0000000000000
0000000100010
0000000000000
0000000000000
0000000000000
0000000000000
0011000100110
0001011011111
0000100011111
0000000000000
0000000100101
0000000000000
0000000000000
0000000000000
0000000000000
0000000000000
0000000000000
0000000000000
0000000000000
0000000010000
0000000010100
0000000000000
0000000000000
0000000000000
0000000000000
0000000000000
0000000000000
0000000000000
0000000000000
0000000001111
0000000000000
0000000000000
0000000000000
0000000000000
0000000000000
0000000000000
0000000000000
0000000000010
0000000010101
0000000001101
0000000000010
0000000000010
0000000000000
0000000110100
0000000100111
0000110101111
0000100001011
0001100110010
0001101000110
0000000000000
0000000000000
0000000000000
0000000000000
0000000000000
0000000000000
0000010101100
0011000111011
0001001010011
0000000000000
0000000000000
0000000001000
0000000000000
0000000000000
0000000000000
0000000000000
0000000001010
0000000000000
0000000000000
0000000000000
0000000000000
0000000000000
0000000000000
0001011100001
0000110001001
0001011101111
0000000000000
0000000000000
0000000000101
0000000000000
0000000010001
0000000000000
0000000000100
0000000010110
0000000011001
0000000000000
0000000000000
0000001001100
0000000000000
0000010111100
0000000000000
0000001010110
0000000000000
0000000000000
0000000000101
0000000000000
0000000000000
0000000000000
0000000000000
0000000000000
0000000000000
0000000000000
0000000100000
0000000001001
0000001001101
0000000000000
0000000101101
0000000000001
0000000000000
0000001000110
0000010010010
0000000000000
0000000000000
0000000000000
0000000000000
0000000000000
0000000000000
0000000000000
0000000000000
0000000000000
0000000000000
0000000000000
0000000000000
0000000000000
0000000000000
0000000000000
0000000101010
0000000101000
0000000000000
0000000000000
0000000000000
0000000000000
0000000000000
0000000000000
0000000000000
0000000000000
0000000000000
0000000000000
0010100110100
0000100011110
0000000000000
0000000001000
0000000000111
0000000000000
0000000010001
0000000000000
0000000001000
0000000101010
0000000100111
0000000000000
0000000000000
0000000000000
0000000000000
0000000000000
0000000000000
0000000000000
0000001100011
0000000000000
0000001100011
0000000000000
0000000011000
0000000000111
0000001011101
0000000000000
0000001100100
0000000110110
0000000000000
0000001000001
0000000000000
0000000000000
0000000000000
0000000000000
0000000000000
0000000000000
0000110011111
0000011110010
0000000000000
0000000000000
0000000000111
0000000000000
0000000000000
0000000000000
0000000000000
0000000000000
0000000000000
0000000000000
0000000000000
0000000000000
0000000000000
0000000000000
0000000000000
0000000010100
0000001010000
0000000000000
0000000000000
0000000000000
0000000000000
0000000000000
0000000000000
0000000000000
0000000000000
0000000000000
0001001100000
0000001001101
0000000000000
0000000000000
0000000000000
0000000010100
0000000000000
0000000011000
0000000100011
0000000010011
0000000100000
0000000111011
0000000000101
0000111010110
0000000000000
0000000000000
0000000000000
0000010101111
0000000110111
0000000000000
0000000000000
0000000000000
0000000000000
0000001011111
0000001001000
0000011001100
0000010001111
0000010111111
0000010100110
0000101101011
0000000000000
0000011010101
0000000000000
0000000101110
0000000000000
0000000000000
0000000001010
0000110001011
0000110000011
0000000000000
0000000000000
0000000000000
0000000000000
0000000000000
0000000000000
0000000000000
0000000000000
0000000000000
0000000000000
0000000000000
0000000000000
0000000000000
0000000001101
0000000000000
0000000110100
0000000010010
0000000000100
0000000000000
0000000000000
0000000000000
0000000000000
0000000000000
0001001111110
0011000010110
0000100001001
0000000000000
0000000000000
0000000000000
0000000010011
0000000001010
0000000000000
0000000010000
0000010110111
0000000010001
0000100100111
0000001010100
0000100000101
0000001011101
0000000000000
0001011110111
0010010111011
0000000000000
0000000000000
0000000000000
0000100100111
0000001101101
0000000000000
0000001101011
0000111011110
0000000000000
0000000000000
0000011010100
0000000011001
0000000000000
0010101101001
0010100110110
0000000000000
0000000000000
0000000001100
0000000000000
0000110111000
0000010110100
0000000000000
0000000000000
0000001101110
0000000000000
0000000000000
0000000000000
0000000000000
0000000000000
0000000000000
0000000000000
0000000000000
0000000000000
0000000000000
0000000000000
0000000000000
0000000000000
0000000000000
0000000011001
0000000011110
0000000000000
0000000000000
0000000000000
0000010100111
0011100101110
0000000000000
0001101011010
0010001001110
0000000000000
0000000000000
0000000000000
0000000000000
0000000000000
0000000011000
0000000000010
0000001110101
0000000001000
0000001000111
0000010010110
0000001000001
0000000000000
0000000000000
0001011010010
0001011101101
0001010001101
0000000000000
0000001101110
0000000000000
0000100010111
0000010110010
0000111111010
0000111101111
0000000000000
0000000000000
0001001000001
0000010010000
0000000000000
0010100001111
0000000000000
0010101111101
0000010101001
0000000000000
0000000000000
0000000001101
0000001000010
0000111100000
0000110100110
0000000000000
0000000000000
0000000000000
0000000000000
0000000000000
0000000000000
0000000000000
0000000000000
0000000000000
0000000000000
0000000000000
0000000000000
0000000000000
0000000001111
0000000000000
0000000000000
0000000000000
0000000100011
0000001110110
0000000011100
0000000000000
0000000000000
0000000000000
0010101111101
0001000000001
0000000000000
0000000001110
0000000000100
0000000000000
0000000000000
0000000001001
0000000010101
0001011001111
0000000000000
0000000000000
0000110011011
0010001000101
0000000000000
0000000000000
0010000000111
0010000100101
0000101111101
0000100100001
0010010001010
0010101110101
0000000000000
0000000000000
0000001011010
0000111000111
0000000000000
0000000000000
0010010001110
0000111001111
0000000000000
0000000000000
0000000000000
0000000000000
0011001110001
0000011001001
0000000000000
0000101010111
0000000000000
0000000000000
0001100010000
0000101110011
0000000000000
0000000000000
0000000000000
0000000000000
0000000000000
0000000000000
0000000000000
0000000000000
0000000000000
0000000000000
0000000000010
0000000000000
0000000011001
0000000010100
0000000000000
0000000000000
0000000000000
0000000011111
0000000000000
0000000000000
0000000000000
0010100000110
0010001000011
0000000000000
0000000000000
0000000000000
0000000000111
0000000000000
0000000001001
0000000001111
0000001010010
0000100110111
0000010111110
0000000000000
0000000000000
0001010110101
0001011000101
0000110011001
0000001111110
0000000000000
0001100011011
0010000001101
0000000000000
0010000010100
0000000000000
0000000000000
0000000000000
0001010110001
0010000101101
0000000000000
0001110001101
0001001101111
0001000001110
0000000000000
0000000000000
0000000000000
0011010010001
0000010110000
0000000000000
0000011100111
0000000111110
0000000000000
0000100111101
0000000000000
0000000000000
0000000000000
0000000000000
0000000000000
0000000000000
0000000000000
0000000000000
0000000000000
0000000000001
0000000000000
0000000000000
0000000000000
0000000111011
0000000000000
0000000000000
0000000000000
0000000000000
0000000000000
0000000000000
0000000000000
0000000000000
0011111011111
0001000110100
0000000000000
0000000000000
0000000000000
0000000000000
0000000001110
0000000000000
0000000001000
0000000111111
0000111000111
0000000000000
0000000000000
0000001000101
0000000000000
0011010011010
0000111001000
0000000000000
0010011100010
0010010011111
0000000000000
0000000000000
0000000000000
0001111001111
0010001101010
0000000000000
0000001100011
0000110010001
0000000000000
0000111011011
0011010101010
0000000000100
0000000000000
0000000000000
0000000000000
0001011010101
0000100000001
0000000000000
0000000000000
0000001011011
0001010001111
0000000000000
0000000000000
0000000000000
0000000000000
0000000000000
0000000000000
0000000000000
0000000000000
0000000000000
0000000000000
0000000000000
0000000000000
0000000000000
0000000000000
0000000000000
0000000000000
0000001100000
0000000000000
0000000000000
0000000000000
0000000000000
0000000000000
0100001010100
0001001010101
0000000000000
0000000100010
0000010110111
0000000000001
0000000010010
0000000000000
0000000000000
0000000000000
0000100010000
0000000000000
0000000000000
0010100011110
0000000000000
0000000000000
0001110110010
0000000000000
0001001011001
0000000000000
0000000000000
0000000000000
0000000000000
0001110001000
0010011010010
0001010100011
0000000000000
0000000000000
0000101011000
0001101010000
0001010000101
0001110010010
0000000000000
0000110000100
0000000000000
0000000000000
0000000000000
0000100010011
0000010001111
0000000000000
0000101111101
0001010011110
0000000000000
0000000000000
0000000000000
0000000000000
0000000000000
0000000000000
0000000000000
0000000000000
0000000000000
0000000000000
0000000000000
0000000000000
0000000000000
0000000000000
0000000001110
0000000000000
0000000000000
0000000000000
0000011110011
0000000000000
0000000000000
0010111001100
0001010011000
0000000000000
0000000000000
0011011111110
0000100010100
0000000000000
0000000000000
0000000000000
0000000000000
0000000000000
0000010010001
0000000000000
0000000000000
0000111000101
0011011010100
0001100000001
0000000000000
0000111010000
0000000000000
0001000001111
0010001011010
0000000000000
0000010010000
0010010111111
0000010010101
0001100010111
0000001110011
0000000000000
0000000101111
0001110011100
0000001001010
0001100001000
0001111111000
0000000000000
0000000000000
0000000000000
0000000000000
0000101001100
0000000111100
0000000000000
0000010111101
0000111001000
0000100100110
0000000000000
0000000000000
0000001010001
0000000000000
0000000000000
0000000000000
0000000000000
0000000000000
0000000000000
0000000000000
0000000000000
0000000000000
0000000000000
0000000000000
0000000000000
0000000000000
0000000000000
0000011111111
0000010101110
0000000000000
0000000000000
0000000000000
0000000000000
0000000000000
0001010011111
0000000000000
0000000000000
0000010001011
0000000000000
0000000000001
0000000100101
0000001101100
0000000000000
0000000000000
0010101100000
0011000010010
0000000000000
0000000000000
0000000000000
0010000101110
0010101100000
0000000000000
0001010010100
0001111010000
0000010000010
0000010110001
0000000011100
0000001111000
0000011011011
0000001001010
0000000001000
0000010011011
0001010010100
0001010110000
0000000000000
0000000100100
0000000000000
0000000000000
0000000000000
0000001010110
0000000000000
0000011110010
0001110010110
0000000000000
0000000000000
0000000000000
0000000000000
0000000000000
0000000000000
0000000000000
0000000000000
0000000000000
0000000000000
0000000000000
0000000000000
0000000000000
0000000010110
0000000000000
0000000000000
0000000000000
0000000000000
0000000000000
0000000111001
0000000000000
0000000000000
0000010111000
0000000000000
0000000000000
0000000000000
0010110111101
0000011011110
0000000000000
0000000000000
0000000110000
0000010001110
0000000001000
0000000000000
0010101010010
0010110001001
0000000000000
0000000000000
0000000000000
0001001101000
0010000101011
0001011110000
0000100101101
0000100001100
0000000000000
0000011000011
0000000000000
0000010010011
0000000000000
0000100110010
0000000000000
0000010010001
0000000000010
0000001110011
0001000000000
0001100010011
0000000000000
0000000000000
0011001010001
0000000000000
0000000000000
0000000000000
0001000000001
0001101101001
0000000000000
0000000000000
0000000010010
0000000000000
0000000000000
0000000000000
0000000000000
0000000000000
0000000000000
0000000000000
0000000001001
0000000000000
0000000000000
0000000000000
0000000000000
0000000000000
0000000000000
0000000000000
0000000001110
0000000000000
0000000000000
0000000000000
0000000000000
0000000000000
0000000000000
0000000000000
0010111010110
0000010010101
0000000110100
0000000000000
0000000000000
0000000000000
0000011000011
0000000000000
0010100000010
0010010000001
0000000000000
0000000000000
0001011000011
0000111011010
0000101110000
0000000000110
0000101100101
0000000000000
0000010011101
0000000000000
0000000000000
0000000000000
0000000000000
0000000000000
0000000000000
0000000000000
0000000000000
0000010010100
0000001001011
0001010000010
0000110010000
0001010111110
0001101100001
0001111100100
0000000000000
0000000000000
0001000101000
0000000000000
0000000111110
0000000000000
0000000000000
0000000000000
0000000000000
0000000001101
0000000000000
0000000000000
0000000000000
0000000001101
0000000011011
0000000000000
0000000000000
0000000000000
0000000000000
0000000000000
0000000000000
0000000000000
0000000111110
0000000001111
0000000011101
0000000000000
0000001010000
0000000000000
0000000000000
0000000000000
0010100010111
0000110100101
0001100111110
0000000000000
0000001110010
0000100110110
0000000000000
0000000000000
0000000000000
0001101011110
0010001101001
0000101100110
0000110100111
0000010001101
0000001101110
0000000000000
0000000000000
0000000000000
0000000000000
0000000000000
0000000000010
0000000000010
0000000000000
0000000000000
0000000001000
0000000000000
0000000000000
0000000000000
0000001100000
0000011101110
0001100101000
0001001000111
0000000000000
0001011100000
0001001001110
0000000000000
0000001001011
0001110000100
0000000000000
0000000000000
0000000000000
0000000000000
0000000000000
0000000000000
0000000000000
0000000000000
0000000000000
0000000001001
0000000000000
0000000000000
0000000000000
0000000010000
0000000000000
0000000000000
0000000000000
0000000000000
0000000000000
0000000010101
0000001011011
0000000000000
0000000000000
0000000000000
0000000000000
0000000000000
0010101010001
0000011011110
0000000000000
0001111100101
0000000000000
0000000000000
0001101111000
0000000000000
0000000000000
0000000000000
0010001011100
0001001110101
0000001101110
0000000011111
0000000000000
0000000000000
0000000000000
0000000000000
0000000000000
0000000000000
0000000000010
0000000000000
0000000000000
0000000000000
0000000000000
0000000000000
0000000000000
0000000000000
0000000000111
0001011010000
0000111001111
0000000000000
0000000000000
0001110101000
0001110011000
0000000000000
0000011111110
0001101010000
0000000000000
0000000000000
0000001010001
0000000000000
0000000000000
0000000000000
0000000000000
0000000000000
0000000000000
0000000000000
0000000000000
0000000000000
0000000000000
0000000000000
0000000111010
0000000000000
0000000000000
0000000000000
0000000000000
0000000000011
0000000010001
0000000000000
0000000000000
0000000000000
0000000000000
0000010110100
0100001111001
0000000000000
0000000000000
0010110010001
0001010000111
0000111000001
0010000100011
0000000000000
0000000000000
0001111001001
0001111110000
0000000000000
0000000000111
0000000000000
0000000000000
0000000000000
0000000000000
0000000000000
0000000000000
0000000000000
0000000001001
0000000000011
0000000000000
0000000000000
0000000000000
0000000000000
0000000000000
0000000000000
0000000001000
0000111110011
0000010010001
0000000000000
0000101000011
0001000100101
0000101100110
0000100111111
0000001110101
0001010010111
0000000000000
0000000000000
0000000000000
0000000000000
0000000000000
0000000100000
0000000000000
0000000000000
0000000000000
0000001000111
0000000000101
0000000000000
0000000000000
0000000000000
0000000000000
0000000011101
0000000000000
0000000000000
0000000000000
0000000110100
0000000100000
0000000000000
0000000000000
0000000000000
0000000000000
0001001000000
0010001111001
0000000000000
0000000000000
0010101100101
0000111100000
0000000000000
0000001100100
0010001111001
0000000000000
0001000010001
0001011001111
0000001001001
0000000000001
0000000000000
0000000000000
0000000000000
0000000000000
0000000000000
0000000000110
0000000000000
0000000000000
0000000000000
0000000000000
0000000000000
0000000000000
0000000000000
0000000000000
0000000000000
0000000001101
0000101010000
0000001101011
0000101110101
0000010110100
0000101011100
0001000001110
0000101011111
0000000000000
0001010100001
0000000000000
0000000000000
0000000101111
0000000000000
0000000001101
0000000000000
0000000000000
0000000000000
0000000000000
0000000000000
0000000000000
0000010001011
0000001101111
0000000101010
0000000000000
0000000000000
0000000000000
0000010100001
0000000010111
0000000011000
0000000100101
0000000000000
0000000100111
0000000110011
0000000000000
0000000000000
0000000011000
0000000000000
0000000000000
0011110100100
0001111110011
0000000000000
0000000000000
0011110000111
0000000000000
0000001100100
0001001110100
0000000000000
0000000000000
0000000000000
0000000000000
0000000000000
0000000000000
0000000000110
0000000000000
0000000000000
0000000001000
0000000000000
0000000000000
0000000000010
0000000000000
0000000000000
0000000000001
0000000000000
0000000000000
0000001110100
0000000000011
0000101000111
0000000000000
0000011011011
0000001001011
0001100111101
0001101100000
0000000000000
0000011010010
0000000000000
0000000000000
0000000000000
0000000000011
0000000111111
0000000001001
0000000000000
0000000000000
0000001010110
0000010110000
0000000000000
0000000000000
0000000111000
0000000011100
0000000000000
0000001101010
0000010001100
0000000000000
0000000011110
0000010100010
0000001000101
0000000000000
0000000000000
0000000000000
0000000000000
0000000000000
0000000000000
0000000000000
0011111000011
0001010000100
0000000000000
0000000000000
0000000000000
0000001000001
0000110010011
0000010110110
0000000100100
0000000000000
0000000000000
0000000000000
0000000000000
0000000000000
0000000000000
0000000000000
0000000000111
0000000000000
0000000000111
0000000000001
0000000000000
0000000000000
0000000000000
0000000000000
0000000000000
0000001000111
0000110111010
0000010010100
0000000000000
0000000100101
0001011001011
0000001001101
0001010010011
0001100001011
0000000000000
0000000000000
0000000000000
0000000000000
0000000000000
0000000000000
0000010001011
0000000100111
0000000000000
0000000000000
0000000101101
0000000111000
0000000010000
0000000000000
0000000000000
0000000000000
0000000000000
0000000000000
0000000000000
0000000000000
0000000000000
0000000001001
0000010100101
0000000011110
0000000000000
0000001010001
0000000000000
0000000000000
0000000000000
0000000111000
0011101111101
0000000000000
0000000000000
0001000111110
0000000000000
0000101010101
0000110000000
0000100110111
0000000000000
0000000000000
0000000000000
0000000000000
0000000000000
0000000000000
0000000000000
0000000000000
0000000000000
0000000000111
0000000111000
0000000001100
0000000000000
0000000000000
0000000000000
0000000000000
0000000000000
0000000000000
0000000001011
0000000000000
0000000000000
0000000000000
0001010011010
0001000010010
0000000000000
0000010111011
0000000000000
0000000000000
0000111011110
0000010011011
0000000000000
0000000000000
0000000000000
0000000000000
0000000000000
0000000000000
0000000000000
0000000000000
0000000010010
0000000000000
0000000000011
0000000000000
0000000000000
0000000000000
0000000000000
0000000000000
0000000000000
0000000001000
0000000000000
0000000000000
0000001101100
0000011101110
0000010111011
0000000000000
0000000000000
0000100001010
0000000000000
0000000000000
0000100100111
0000100111100
0000000000000
0010011100000
0000000000000
0000011001101
0001000001111
0000000000000
0000000000000
0000000000000
0000000000000
0000001000011
0000000000000
0000010110101
0000000010000
0000000011000
0000000001100
0000010110011
0000000000000
0000000000000
0000000000000
0000000000000
0000001101101
0000100111100
0000101010110
0000000000000
0001110011110
0000111010101
0000000000000
0000111011011
0010011010111
0001100110101
0001111111100
0010111011100
0100000110001
0000000011111
0000000000000
0000000000000
0000000000000
0000001010000
0000000000000
0000000001010
0000000000000
0000000010001
0000000000110
0000000000000
0000000000000
0000001101011
0000010011011
0000001010011
0000010101001
0000000000000
0000000101100
0000000010100
0000000000000
0000000000000
0000000000000
0000000000000
0000000100111
0000001101101
0000000000000
0000000111101
0000000000000
0000000000000
0000000111010
0000001101111
0000000000000
0000000000000
0001110010110
0000111001010
0000011011010
0000000000000
0000000000000
0000001100000
0000000000000
0000011010001
0000000000000
0000001110011
0000000001011
0000000000000
0000000000000
0000000000000
0000000100111
0000000000000
0000000000000
0000001101011
0000000110000
0000100001100
0000000000000
0000010101011
0000011010100
0000001101001
0010000001000
0010100110110
0000100011110
0000000000000
0000000000000
0000000000000
0000011110100
0001101011000
0000010110110
0000001000101
0001010010110
0001011110010
0000000000000
0000000000000
0000000000000
0000000000000
0000000000000
0000000000000
0000000000000
0000000000000
0000000000000
0000000011100
0000000111000
0000000000000
0000000101010
0000000011110
0000000000000
0000000000000
0000000000000
0000000000000
0000000000000
0000000000000
0000000000000
0000000000000
0000001101101
0000000000000
0000000000000
0000000000000
0000000000000
0000000000000
0000010000101
0001100110111
0000111011011
0000001000010
0000000000000
0000000000000
0000000000000
0000101010110
0000000100110
0000000000000
0000000000000
0000100110011
0000000111110
0000000000000
0000000000100
0000000000000
0000001101100
0000001111001
0001011100010
0000100111000
0000000000000
0000011111111
0001111001011
0001110001000
0010111100001
0000000000000
0000000000000
0000000000000
0000000000000
0000000000000
0000000000000
0000000000000
0001010100111
0010110000101
0001101111000
0000000000000
0000000000000
0000001100011
0000000000000
0000000000000
0000000000000
0000000000000
0000000000000
0000000000000
0000000000000
0000000000000
0000000000000
0000000000000
0000000000000
0000000010101
0000000100001
0000000000101
0000000010011
0000000000000
0000000000000
0000000000000
0000000000000
0000000000000
0000000000000
0000001101010
0000000101110
0000000000000
0000000000000
0000000000000
0000000000000
0011001000001
0001101100000
0000000000000
0000001011100
0001001001000
0000001001000
0000000000000
0000000001110
0000111011000
0000000000000
0000000000000
0000000010001
0000000000000
0000000010110
0000001110110
0000010000101
0001011011100
0000011001110
0000000000000
0000010000101
0000011100111
0001101110001
0010000001000
0000000000000
0000000000000
0000000000000
0000000000000
0000000000000
0000000000000
0000000000000
0001111101011
0010100010001
0001010001010
0000000000000
0000000000000
0011101101010
0001001001010
0000000000000
0000000000000
0000000000000
0000000000000
0000000000000
0000000000000
0000000000000
0000000000000
0000000000000
0000000000000
0000000000000
0000000000000
0000000010010
0000000000100
0000000011000
0000000000101
0000000000000
0000000000000
0000000000000
0000000000000
0000000000000
0000000000000
0000000000000
0000000000000
0000000000000
0000000000000
0000000000000
0000000000000
0001110001100
0001100011110
0000010111010
0000001111101
0000001110111
0000001000111
0000000000000
0000010001100
0000000010111
0000001001010
0000000001111
0000000000000
0000001110100
0000001111100
0001101110110
0001011101011
0000000000000
0000000000000
0001101101100
0000111110010
0001101101010
0010000110000
0000000000000
0000000000000
0000000000000
0000000000000
0000000000000
0000000000000
0000000000000
0010101010011
0001101100011
0000000000000
0000000000000
0000000000000
0000000000000
0011100101000
0000101110100
0000001101110
0010011011111
0000011100100
0000001001110
0000000010011
0000000000000
0000001010000
0000000101111
0000000000000
0000000000000
0000000000000
0000000000000
0000000000000
0000000001101
0000000011110
0000000000100
0000000000100
0000000000100
0000000000000
0000000000000
0000000000000
0000000000000
0000000000000
0000000000000
0000000000000
0000000000000
0000000000000
0000000000000
0001011110010
0001010000110
0000101101001
0000000000000
0000010111000
0000000000000
0000001100001
0000000000000
0000000000000
0000000000000
0000010001101
0000010010010
0001110101100
0001100100110
0000000000000
0000000000000
0010011001110
0001001000000
0000000000000
0001101001111
0010101001011
0000000000000
0000000000000
0000000000000
0000000000000
0000000000000
0000000000000
0010110100110
0000000000000
0000000000000
0000000000000
0000000000000
0000000000000
0000000000000
0001111000111
0011001010000
0010010110000
0000000000000
0000000000000
0000000000000
0000000001010
0001010010011
0001111110000
0001110011000
0000000000000
0000000000000
0000000000000
0000000000000
0000000000000
0000000000000
0000000000000
0000001001011
0000001001111
0000000000000
0000000010100
0000001111110
0000000001000
0000000000000
0000001001001
0000000011111
0000000000000
0000000000000
0000000000000
0000000000000
0000000000000
0001011101010
0001010011000
0000001001011
0000000000000
0000000000000
0000000000000
0000000000000
0000000000000
0000001111100
0000010001011
0001111100101
0001110010110
0000000000000
0000000000000
0000000000000
0001110000001
0001100011010
0000001101001
0000000000000
0010000111000
0011000001011
0000000000000
0000000000000
0000000000000
0100101010011
0010110001000
0001001110000
0000000000000
0000000000000
0000000000000
0000000000000
0000000000000
0000000000000
0000000000000
0001010110010
0001001000011
0000001001101
0000101100001
0000100100001
0000101111111
0000110000111
0000101111111
0000101110001
0000000000000
0000000000000
0000000000000
0000000000000
0000000000000
0000000000000
0000000000000
0000000000000
0000000000000
0000000010100
0000000000000
0000000000000
0000001011001
0000010100100
0000001000011
0000011111000
0000100000111
0000001011000
0000000000000
0000000000000
0000000000000
0001010101001
0001010000011
0000010010101
0000000101001
0000000000000
0000000000000
0000000000000
0000010011100
0000010000110
0010000101001
0001110010001
0000000000000
0000000000000
0000000000000
0000010010011
0001101001110
0000100011011
0000011011101
0000101001000
0010010010010
0010010100001
0000000000000
0000000000000
0100001101010
0000000000000
0001011110101
0000000000000
0000000000000
0000000000000
0000000000000
0000000000000
0000000000000
0000000000000
0000000000000
0001001010001
0000110010111
0000100101000
0000011100110
0000100110101
0000100110110
0000100001001
0000000111000
0000000000000
0000000000000
0000000000000
0000000000000
0000000000000
0000000000000
0000000000000
0000000000000
0000000000000
0000000000000
0000000000000
0000000000000
0000000101010
0000000000000
0000000000000
0000000001010
0000001010111
0000010101010
0000000000000
0000000000000
0000000000000
0000000000000
0000000000000
0001101110011
0001010111010
0000000100011
0000001100110
0000000000000
0000010001010
0000010010111
0010001001000
0001110101001
0000000000000
0000000000000
0000000000000
0000000000000
0001111101011
0001001111010
0000010010101
0000000000000
0000001000000
0001101110000
0000110000101
0000000000000
0010100000010
0101000100000
0000101011011
0000000000000
0000000000000
0000000000000
0000000000000
0000000000000
0000000000000
0000000000000
0000000000000
0010011110110
0001111000100
0000000000000
0000000000000
0000000000000
0000000000000
0000000000000
0000000000000
0000000000000
0000000000000
0000000000000
0000000000000
0000000000000
0000000000000
0000000000000
0000000000000
0000000000000
0000000000000
0000000000000
0000000000000
0000000000000
0000000000000
0000000000000
0000000000000
0000000000000
0000000000000
0000000000000
0000100010110
0000100100111
0000000000000
0000000000000
0000000000000
0000000000000
0001000010111
0000011111010
0000000111011
0000001000110
0000001001110
0001101100010
0001010001110
0000000000000
0000000000000
0000000000000
0000000000000
0000000000000
0001101100100
0001010001010
0000000010101
0000110010100
0000000000000
0000000000000
0000011110001
0010100111101
0010100110000
0000011100000
0000111001001
0000000000000
0000000000000
0000000000000
0000000000000
0000000001000
0000000000000
0000000000000
0000000000000
0010011011010
0000000000000
0000000000000
0000000000000
0000000000000
0000000000000
0000000000000
0000000000000
0000000000000
0000000000000
0000000000100
0000000001000
0000000000000
0000000000000
0000000000000
0000000000000
0000000000000
0000000000000
0000000000000
0000000000000
0000000000000
0000000000000
0000000000000
0000000000000
0000000000000
0000000000000
0000000000000
0000000011000
0000010100011
0000010100001
0000001001111
0000100011000
0000000000000
0000000000000
0000111001110
0001010011100
0000010010011
0001100101000
0001010111001
0000000000000
0000000000000
0000000000000
0000000000000
0000000000000
0001110011001
0001010101101
0000001110100
0000000000000
0000000010001
0000000000000
0000000100110
0001011111011
0010001011001
0000000000000
0000100000111
0000000000000
0000000000000
0000000000000
0000000001001
0000000001000
0000000000000
0000000000000
0000000000000
0010010110010
0000000000000
0000000000000
0000000000000
0000000000000
0000000000000
0000000000000
0000000000000
0000000000000
0000000000000
0000000000000
0000000000000
0000000000000
0000000101001
0000000000000
0000000000000
0000000000000
0000000000000
0000000000100
0000000000000
0000000000000
0000000000000
0000000000000
0000000000000
0000000000000
0000001100011
0000000000000
0000000000000
0000000000000
0000001111001
0000000000000
0000011010010
0000011001100
0000000000000
0000000000000
0001111000001
0000111011001
0001001010110
0000111010010
0000000000000
0000000000000
0011011011000
0001010100001
0000000000000
0000000000000
0001111001010
0001010000110
0000001111011
0000000000000
0000001011001
0000001101001
0000100110011
0001011110011
0010100100111
0000001100110
0000000000000
0000000000000
0000000000000
0000000000000
0000000000000
0000000000000
0000000000000
0000000000000
0000000000000
0001101110011
0000000000000
0000000000000
0000000000000
0000000001000
0000000001111
0000000000000
0000000000000
0000000000000
0000000000000
0000000000000
0000000000000
0000000000000
0000000000000
0000001001111
0000001010010
0000000000000
0000000000000
0000000000000
0000000000000
0000000000000
0000000000000
0000000000000
0000000000000
0000000000000
0000000000000
0000000000000
0000000000000
0000000011000
0000001000101
0000000000000
0000000000000
0000000001110
0000001100110
0000001110011
0000000000000
0000011001101
0000101101000
0000010110101
0000000000000
0000000000111
0001010100111
0001101001111
0001111100010
0000110000100
0000000011011
0000001001010
0000000000000
0000000000000
0000000000000
0000000101100
0000111011011
0010000010010
0000000000000
0000110000001
0000000000000
0000000000000
0000000000000
0000000000000
0000000000000
0000000000000
0000000000000
0000000000000
0000001111010
0000000000000
0000000000000
0000000000000
0000000000000
0000000010001
0000000000000
0000000000000
0000000000000
0000000000000
0000000000000
0000000000000
0000010001001
0000000011010
0000000000000
0000000000000
0000000000000
0000000000000
0000000000011
0000000000000
0000000000000
0000000000000
0000000000000
0000000000000
0000000000000
0000000000000
0000000000000
0000000000000
0000000000000
0000000000000
0000000000000
0000000110010
0000000000000
0000000000000
0000000000000
0000000000000
0000000000000
0000000000000
0000000000110
0000000000000
0000000000000
0000000000000
0000010111100
0010010011100
0000000000000
0000101101001
0000110100111
0000001011000
0000000000000
0000000000000
0000000100110
0000110011011
0001010000101
0000000000000
0000000000000
0000000000000
0000000000000
0000000000000
0000000000000
0000000000000
0000000000000
0000000000110
0000000000000
0000000000000
0000000000000
0000000000000
0000000000000
0000000000000
0000000000000
0000000000000
0000000000000
0000000000000
0000000000000
0000000000000
0000000000000
0000000000000
0000100010101
0000101011101
0000010101111
0000000000000
0000000000000
0000000000000
0000000000000
0000000000000
0000010100100
0000000000000
0000000000000
0000000000000
0000000000000
0000000000000
0000000000000
0000000000000
0000000000000
0000000000000
0000000000000
0000000000000
0000000000000
0000000000000
0000000000000
0000000000000
0000000000000
0000010000101
0000000000000
0000000000000
0000000000000
0000000000000
0000000000000
0000000000000
0001000101110
0001101111000
0000101100100
0000000000000
0000010100011
0000000000000
0000100111111
0000101000110
0001101011111
0000000000000
0000010011101
0000000000000
0000000000000
0000000000000
0000000001100
0000000000110
0000000000000
0000000000000
0000000000000
0000000000000
0000000000000
0000000000000
0000000000000
0000000001011
0000000001101
0000000000000
0000000000000
0000000000000
0000000000000
0000000000000
0000000000010
0000000000000
0000000000000
0000011010110
0000110000011
0000101100101
0000011100100
0000000000000
0000000000000
0000000000000
0000000000000
0000000000000
0000000000000
0000000010001
0000000000000
0000000000000
0000000000000
0000000000000
0000000000000
0000000000000
0000000000000
0000000000000
0000000000000
0000000000000
0000000000000
0000000000000
0000000000000
0000000000000
0000000000000
0000001000000
0000000000000
0000010001000
0000000000000
0000000000000
0010001001001
0001100000111
0000110000100
0000000000000
0000110001000
0000000000000
0000000000000
0000010111100
0010011111001
0011111101010
0000000000000
0000000000000
0000000000000
0000000011000
0000000000101
0000000000000
0000000010001
0000000000000
0000000000000
0000000000000
0000000000000
0000000000000
0000000000000
0000000000000
0000000000000
0000000000000
0000000000000
0000000000000
0000000001001
0000000001111
0000000000000
0000000000000
0000000000000
0000000000000
0000000000000
0000000000000
0000011101100
0000110010100
0000001000110
0000000000000
0000000000000
0000000000000
0000000000000
0000000000000
0000001001011
0000010010011
0000000000000
0000000000000
0000001010110
0000000000000
0000000000000
0000000000000
0000000000000
0000000000000
0000000000000
0000000000000
0000000000000
0000000000000
0000000000000
0000000000000
0000000000000
0000000000000
0001000010110
0000000000000
0000000000000
0000101110010
0000000000000
0000000000000
0010001110111
0000000101011
0000000000000
0000101100101
0001011011101
0011000101100
0000000000000
0000000000000
0000000000000
0000000000000
0000000001000
0000000000000
0000000000100
0000000000000
0000000000000
0000000000000
0000000000000
0000000000000
0000000000000
0000000000000
0000000000000
0000000000000
0000000000000
0000000000000
0000000000000
0000000000110
0000000000000
0000000000000
0000000110100
0000000000000
0000000000000
0000000000000
0000000000000
0000000000000
0000000000000
0000011001010
0000100110001
0000000110010
0000000000000
0000000000000
0000000000000
0000000000000
0000000111000
0000000111110
0000000000000
0000010001110
0000011000111
0000000101001
0000000000000
0000000000000
0000000000000
0000000000000
0000000000000
0000000000000
0000000000000
0000000000000
0000000000000
0000101000001
0000000000000
0000000000000
0000000000000
0001100100100
0000000000000
0000000000000
0010010010111
0000000000000
0000000000000
0001100111000
0100011110100
0000000000000
0000000000000
0000000000000
0000000000000
0000000001101
0000000001111
0000000000000
0000000000000
0000000000000
0000000000000
0000000000000
0000000000000
0000000000000
0000000000000
0000000001110
0000000000000
0000000000000
0000000000000
0000000000000
0000000000000
0000000000000
0000000000000
0000000000000
0000000010101
0000001000111
0000001000100
0000000010001
0000000010100
0000000000000
0000000000000
0000000000000
0000000000000
0000000000000
0000000000000
0000001011101
0000000000000
0000000000000
0000000000000
0000000000000
0000000000000
0000000000000
0000010110110
0000011011111
0000011010010
0000011000001
0000000001001
0000000000000
0000000000000
0000000000000
0000000000000
0000000000000
0000000001101
0000000100010
0000011010101
0000000000000
0000000000000
0001011001111
0000000000000
0000010011100
0010110101000
0000100100000
0000000000000
0000000000000
0101000011010
0000000000000
0000000000000
0000000000000
0000000000000
0000000010000
0000000010001
0000000000000
0000000000000
0000000000000
0000000000000
0000000000000
0000000000000
0000000000000
0000000000000
0000000000000
0000000000010
0000000000000
0000000000000
0000000000100
0000000000000
0000000001011
0000000000000
0000000000000
0000000000000
0000000000000
0000000000101
0000010010001
0000001000001
0000000000000
0000000111001
0000001000111
0000000000000
0000000000000
0000000000000
0000000000000
0000000000000
0000000000000
0000000000000
0000000000000
0000000000000
0000000000000
0000000000000
0000001100000
0000010000000
0000011110001
0000001110111
0000000000000
0000000000000
0000000000000
0000000000000
0000000000000
0000000000000
0001001111110
0000000000000
0000000000000
0000001000010
0001010110001
0000100110000
0000001001011
0010000010100
0000000000000
0000000000000
0010110001010
0010001011000
0000000000000
0000000000000
0000000000000
0000000000000
0000000000111
0000000000000
0000000000000
0000000000000
0000000000000
0000000000010
0000000000000
0000000000000
0000000000000
0000000000000
0000000000000
0000000000000
0000000000010
0000000000000
0000000000000
0000000000000
0000000000100
0000000000110
0000000000000
0000000101011
0000000000000
0000000000000
0000000000000
0000000101010
0000010001110
0000000110001
0000000001111
0000000001111
0000000101111
0000000111111
0000000000000
0000000000000
0000000000000
0000000000000
0000000000000
0000000000000
0000000000000
0000000000000
0000000000000
0000000111010
0000001011110
0000000100111
0000001001000
0000000000000
0000000110110
0000000101010
0000001101001
0001001010010
0001111011100
0000000000000
0000000000000
0000000000000
0000000000000
0010000011010
0001100111001
0001110010111
0000000000000
0000000000000
0100001110101
0000000000000
0000000000000
0000000000000
0000000000000
0000000000000
0000000000000
0000000000000
0000000000100
0000000000000
0000000000000
0000000000001
0000000000001
0000000000000
0000000000000
0000000000000
0000000000001
0000000000000
0000000010010
0000000000000
0000000000000
0000000000000
0000000000000
0000000000001
0000000000000
0000001100110
0000010101101
0000011001110
0000010111111
0000001110011
0000001011000
0000000000000
0000000000000
0000000000000
0000000101111
0000000110001
0000000111110
0000000110111
0000000001000
0000000000000
0000000011000
0000000000000
0000000000000
0000000000000
0000000000000
0000000000000
0000000000000
0000011011000
0000100011111
0000000101100
0000000101100
0000011101101
0000111111011
0000110110010
0000000000000
0000000000000
0000000000000
0000000000000
0000110110101
0010001100111
0000100011111
0000000000000
0000110001011
0001100010110
0011110010000
0000000000000
0000000000000
0000000000000
0000000000000
0000000000000
0000000000000
0000000000000
0000000000100
0000000000101
0000000000000
0000000000000
0000000000000
0000000000000
0000000000000
0000000000000
0000000000000
0000000000000
0000000000110
0000000001000
0000000000000
0000000000000
0000000000000
0000000000000
0000000000000
0000000000000
0000000000000
0000010110100
0000011001010
0000011001001
0000010010110
0000001111010
0000001111110
0000010010111
0000001110010
0000000000000
0000000000000
0000001000100
0000011011011
0000010100011
0000000000000
0000000000000
0000000000000
0000000000000
0000000000000
0000000000000
0000000000000
0000000000000
0000000000000
0000100001001
0001001111001
0001101111100
0000000000000
0000000000000
0000011100100
0000011001001
0000000000000
0000000000000
0010010011010
0001101011011
0001100000101
0000111111111
0000000000000
0100011000000
0000000000000
0000000000000
0000000000000
0000000000000
0000000000000
0000000000000
0000000000000
0000000000000
0000000000000
0000000000000
0000000000010
0000000000000
0000000000000
0000000000000
0000000000110
0000000000010
0000000000000
0000000000000
0000000000000
0000000000001
0000000000110
0000000000000
0000000000000
0000000000000
0000000000000
0000000000000
0000000000000
0000000000000
0000000000000
0000000000000
0000000000000
0000010110000
0000010111000
0000010010110
0000010011110
0000001101110
0000010100111
0000010011111
0000001000011
0000000111001
0000010100110
0000010110010
0000001011001
0000000000010
0000000010101
0000000000000
0000011111000
0000000000000
0000010111000
0000010010111
0000110001110
0000000000000
0000011011011
0000101111000
0000000000000
0000100000001
0000000000000
0000000000000
0010011010101
0010010111011
0001101110100
0000000000000
0000000000000
0100110100110
0000000000000
0000000000000
0000000000000
0000000000000
0000000000010
0000000000000
0000000000000
0000000010100
0000000001000
0000000000000
0000000000000
0000000000000
0000000000000
0000000000000
0000000000000
0000000001111
0000000000111
0000000000000
0000000000000
0000000000000
0000000000000
0000000000000
0000000000000
0000000000011
0000000000000
0000000111100
0000000010101
0000000000011
0000000000000
0000000000000
0000000000000
0000000000000
0000000000000
0000000000000
0000001011010
0000010110111
0000001101001
0000010000000
0000000110001
0000000100100
0000100000001
0000100110011
0000100001010
0000011011010
0000011010001
0000100010001
0000100111001
0000110101001
0001010110000
0000000000000
0000000000000
0000000000000
0010111111110
0000101100011
0000000000000
0000100011110
0000000000000
0001000110011
0010111001010
0001111001110
0001001111000
0000000000000
0100011010010
0000000000000
0000000000000
0000000000000
0000000000000
0000000000000
0000000000000
0000000000000
0000000001000
0000000010000
0000000000000
0000000000000
0000000000000
0000000000000
0000000000000
0000000000000
0000000000000
0000000000000
0000000000001
0000000000000
0000000000000
0000000000000
0000000000000
0000000000000
0000000000000
0000000000000
0000000000000
0000000000000
0000000000000
0000010000101
0000010110010
0000001100111
0000001010011
0000000000000
0000000000000
0000000000000
0000000000000
0000000000000
0000000000000
0000000101110
0000000011101
0000000000000
0000000000000
0000000000000
0000010100111
0000100011011
0000011010001
0000001100010
0001001110001
0000110011000
0000000000000
0001011101001
0000000000000
0000000000000
0000010100110
0000000000000
0000000000000
0000000000000
0010100100010
0000000000000
0010011100010
0010001110000
0000000000000
0010010100100
0101010100101
0000000000000
0000000000000
0000000000000
0000000000000
0000000000000
0000000000000
0000000000000
0000000010101
0000000000000
0000000000000
0000000000000
0000000000000
0000000000000
0000000000000
0000000001001
0000000001000
0000000000000
0000000000000
0000000000000
0000000000000
0000000000000
0000000000000
0000000000000
0000000000000
0000000000000
0000000000000
0000000000000
0000001011111
0000000110011
0000000011000
0000000000000
0000000000000
0000001101110
0000011011100
0000001100111
0000001101010
0000000000000
0000000000000
0000000000000
0000000000000
0000000000000
0000000000000
0000000000000
0000000000000
0000000000000
0000000000000
0000000000000
0000100110110
0010011111111
0000000000000
0000000000000
0000001010001
0001011000110
0000000000000
0000000000000
0100010001000
0000000000000
0000000000000
0000011101011
0000000000000
0001111011101
0000000000000
0010001100011
0000000000000
0000000000000
0000000000000
0000000000000
0000000000000
0000000000000
0000000000000
0000000000000
0000000000000
0000000000000
0000000000000
0000000000000
0000000000000
0000000000000
0000000000101
0000000010001
0000000000000
0000000000000
0000000000000
0000000000000
0000000000000
0000000000000
0000000000000
0000000000001
0000000000000
0000000000000
0000000000000
0000000000000
0000000000000
0000000000000
0000000000000
0000000100010
0000000000000
0000000000000
0000000000111
0000000011101
0000000100001
0000010001011
0000010010010
0000001110011
0000001101101
0000000000000
0000000000000
0000000000000
0000000000000
0000000000000
0000000000000
0000000000000
0000000000000
0000000000000
0000011000111
0000000000000
0000110111100
0000000110001
0000000000000
0000100001000
0100110001101
0000000000000
0000000000000
0100110110111
0000000000000
0000000000000
0100001110110
0100010011110
0000000000000
0000000000000
0000000000000
0000000000000
0000000000000
0000000000000
0000000000100
0000000000011
0000000000000
0000000000000
0000000000000
0000000000000
0000000000000
0000000000000
0000000000000
0000000000000
0000000000000
0000000000000
0000000000000
0000000000000
0000000000000
0000000000000
0000000000000
0000000000000
0000100100000
0000000000000
0000000000000
0000000000000
0000000000000
0000000000000
0000000000000
0000000001100
0000000000000
0000000000000
0000000000000
0000000000000
0000000000000
0000000000000
0000000000001
0000000000000
0000000000000
0000000100101
0000001110000
0000001111000
0000000110000
0000000000000
0000001110000
0000001110001
0000000000000
0001001000100
0000000000000
0000000000000
0000101100001
0000000000000
0000000000000
0101010010000
0011011001111
0000000000000
0000000000000
0000000000000
0100011011010
0000000000000
0000000000000
0100011000101
0000000000000
0000000000000
0000000000000
0000000000011
0000000000000
0000000000000
0000000000000
0000000000000
0000000000000
0000000000000
0000000000000
0000000000000
0000000000000
0000000000000
0000000000000
0000000000000
0000000000000
0000000000000
0000000000000
0000000000000
0000000000000
0000000000000
0000000000000
0000000000000
0000110010011
0000000000000
0000000000000
